x1=1:10;
y1=0.1:1;